



   R120022002NFFABC86771867715.102 VENDA465 3517.00006526544785896  12.000024865                                                                                    4

   R123022302      86872868725.102 VENDA465 0  7.00000  0  0  0     12.00000 00

   R123022302      86873868735.102 VENDA465 0  7.00000  0  0  0     12.00000 00

   R123022302      86883868835.102 VENDA465 0  7.00000  0  0  0     12.00000 00

   R124022402      86894868945.102 VENDA465 0  7.00000  0  0  0     12.00000 00

   R124022402      86902869025.102 VENDA465 0  7.00000  0  0  0     12.00000 00

   R124022402      86903869035.102 VENDA465 0  7.00000  0  0  0     12.00000 00

   R124022402      86906869065.102 VENDA465 0  7.00000  0  0  0     12.00000 00

   R124022402      86907869075.102 VENDA465 0  7.00000  0  0  0     12.00000 00

   R125022502      86921869215.102 VENDA312,70                                              1  7.00000  0  0  0     12.00000 00

   R125022502      86922869225.102 VENDA312,70                                              1  7.00000  0  0  0     12.00000 00

   R125022502      86923869235.102 VENDA312,70                                              1  7.00000  0  0  0     12.00000 00

   R125022502      86924869245.102 VENDA312,70                                              1  7.00000  0  0  0     12.00000 00

   R125022502      86927869275.102 VENDA312,70                                              1  7.00000  0  0  0     12.00000 00

   R125022502      86928869285.102 VENDA465 0  7.00000  0  0  0     12.00000 00

   R125022502      86929869295.102 VENDA312,70                                              1  7.00000  0  0  0     12.00000 00

   R125022502      86932869325.102 VENDA312,70                                              1  7.00000  0  0  0     12.00000 00

   R125022502      86933869335.102 VENDA465 0  7.00000  0  0  0     12.00000 00

   R125022502      86935869355.102 VENDA312,70                                              1  7.00000  0  0  0     12.00000 00

   R125022502      86938869385.102 VENDA312,70                                              1  7.00000  0  0  0     12.00000 00

   R125022502      86940869405.102 VENDA312,70                                              0717                                                  7.00000  0  0  0     12.00000 00

   R125022502      86941869415.102 VENDA312,70                                              1  7.00000  0  0  0     12.00000 00



   R125022502NF 00186942869425.102 VENDA465 0  7.00000  0  0  0     12.00000 00

   R125022502      86944869445.102 VENDA465 0  7.00000  0  0  0     12.00000 00

   R125022502      86945869455.102 VENDA312,70                                              1  7.00000  0  0  0     12.00000 00

   R125022502      86946869465.102 VENDA465 0  7.00000  0  0  0     12.00000 00

   R125022502      86948869485.102 VENDA465 0  7.00000  0  0  0     12.00000 00

   R125022502      86950869505.102 VENDA465 0  7.00000  0  0  0     12.00000 00

   R125022502      86951869515.102 VENDA312,70                                              1  7.00000  0  0  0     12.00000 00

   R125022502      86952869525.102 VENDA465 0  7.00000  0  0  0     12.00000 00

   R125022502      86954869545.102 VENDA312,70                                              1  7.00000  0  0  0     12.00000 00

   R125022502      86955869555.102 VENDA465 0  7.00000  0  0  0     12.00000 00

   R125022502      86958869585.102 VENDA312,70                                              1  7.00000  0  0  0     12.00000 00

   R125022502      86962869625.102 VENDA465 0  7.00000  0  0  0     12.00000 00

   R104030403      86972869725.102 VENDA569,80                                              8085                                                  76                                                   .00000  0  0  0     12.00000 00

   R107030703      86980869805.102 VENDA0   0  7.00000  0  0  0     12.00000 00

   R108030803      86983869835.102 VENDA69,830  7.00000  0  0  0     12.00000 00

   R129032903      87023870235.102 VENDA384,00                                              8349                                                  71                                                   .00000  0  0  0     12.00000 00

   R129032903      87027870275.102 VENDA287,10                                              3  7.00000  0  0  0     12.00000 00