



   R111041104      87053870535.102 VENDA255,83                                              83                                               7,                                                59                                                 9                                                  7                                                  2                                                  1                                                   .00002,370                                                            44 0  0     12.00000  0

   R111041104      87054870545.102 VENDA255,83                                              83                                               7,                                                59                                                 9                                                  7                                                  2                                                  1                                                   .00002,370                                                            44 0  0     12.00000  0

   R111041104      87055870555.102 VENDA407,60                                              7  7.00000  0  0  0     12.00000  0

   R111041104      87058870585.102 VENDA205,50                                              9  7.00000  0  0  0     12.00000  0

   R111041104      87075870755.102 VENDA150 0  7.00000  0  0  0     12.00000  0

   R111041104      87076870765.102 VENDA110,90                                              8  7.00000  0  0  0     12.00000  0